cx: 315.8385241265237
cy: 238.88793284807593
fx: 652.9281925464362
fy: 653.6236540172604
k1: 0.1612490746994846
k2: -1.3804268495196
k3: 2.5206972081855055
p1: 0.005970396947234068
p2: -0.0034333957135633353
